3
healthcare=urgency
47
52925
14587
42049
29082
25583
2769
27193
42205
30405
4303
28189
53074
3305
4916
34303
4561
28289
22174
14288
31298
21925
36714
2494
41283
26822
49886
16374
29473
53329
4586
4604
30090
53086
37693
2451
36178
2213
24962
38902
28204
2961
21206
18371
43897
1627
33205
40025
healthcare=center
51
53147
13278
47462
16012
26663
35795
49107
6828
12857
33476
17709
29419
13199
43500
48041
32633
38095
27430
11300
6254
1259
12265
31743
13950
6571
37229
26939
2478
31272
43047
38437
1647
45079
35784
5042
41935
42214
5699
4676
30866
10659
26960
5557
3236
10236
6145
21850
9284
27375
14222
26785
health_facility=nursinghome
49
35225
3295
41920
27772
41230
26488
27768
20318
26432
48495
45026
1490
36001
18701
51739
10974
31352
30732
23990
41287
42184
38464
52453
26662
52894
39185
31860
30307
27977
27047
5352
20796
33348
45473
28663
12603
41341
35125
26956
52269
22542
34102
11344
36537
8229
33626
44982
37792
27203
